# Radius of the bundles
Radius: 10

# Vertices of the sequence (x, y)
Vertices:
-2.6 3
0 3
0.9 0 
-0.85 1
-0.85 -1.22
3.35 -1.32
2.1 1.1
7.2 -1.05
9 0.78
6.95 3.4
11.6 5

# Line segments for each vertex
LineSegments:
1 -1.5 2.5
1 -0.87 2.45
1 -1.13 1.64
1 -0.48 2.08
1 -0.09 2.38
1 0.16 1.98
2 0.42 0.53
3 -0.07 0.39
3 -0.6 0.63
3 -0.48 0.15
3 -0.7 0.3
4 -0.66 -0.43
4 -0.7 -0.66
4 -0.3 -0.56
4 0.58 -0.49
4 0.38 -1.11
5 2.33 -1.15
5 2.06 -0.78 
5 2.72 -0.98
5 3 -0.85
6 3 -0.32
6 3.25 -0.31
6 3.2 -0.13
7 6.75 -0.71
7 5.66 0.84
7 6.68 0
7 7.14 -0.35
7 7.5 0.62
7 7.67 -0.26
7 7.65 -0.49
8 8.52 0.78
8 7.68 1.53
9 7.46 3.12
9 8.4 3.38
9 8.16 3.67